[[  0.00000000e+00   0.00000000e+00]
 [  3.20000000e+02   0.00000000e+00]
 [  6.40000000e+02   0.00000000e+00]
 [  9.60000000e+02   0.00000000e+00]
 [  1.28000000e+03   0.00000000e+00]
 [  1.60000000e+03   0.00000000e+00]
 [  1.92000000e+03   0.00000000e+00]
 [  2.24000000e+03   0.00000000e+00]
 [  2.56000000e+03   0.00000000e+00]
 [  2.88000000e+03   0.00000000e+00]
 [  3.20000000e+03   0.00000000e+00]
 [  3.52000000e+03   0.00000000e+00]
 [  3.84000000e+03   0.00000000e+00]
 [  4.16000000e+03   0.00000000e+00]
 [  4.48000000e+03   0.00000000e+00]
 [  4.80000000e+03   0.00000000e+00]
 [  5.12000000e+03   0.00000000e+00]
 [  5.44000000e+03   0.00000000e+00]
 [  5.76000000e+03   0.00000000e+00]
 [  6.08000000e+03   0.00000000e+00]
 [  6.40000000e+03   0.00000000e+00]
 [  6.72000000e+03   0.00000000e+00]
 [  7.04000000e+03   0.00000000e+00]
 [  7.36000000e+03   0.00000000e+00]
 [  7.68000000e+03   0.00000000e+00]
 [  8.00000000e+03   0.00000000e+00]
 [  8.32000000e+03   0.00000000e+00]
 [  8.64000000e+03   0.00000000e+00]
 [  8.96000000e+03   0.00000000e+00]
 [  9.28000000e+03   0.00000000e+00]
 [  9.60000000e+03   0.00000000e+00]
 [  9.92000000e+03   0.00000000e+00]
 [  1.02400000e+04   0.00000000e+00]
 [  1.05600000e+04   0.00000000e+00]
 [  1.08800000e+04   0.00000000e+00]
 [  1.12000000e+04   0.00000000e+00]
 [  1.15200000e+04   0.00000000e+00]
 [  1.18400000e+04   0.00000000e+00]
 [  1.21600000e+04   0.00000000e+00]
 [  1.24800000e+04   0.00000000e+00]
 [  1.28000000e+04   0.00000000e+00]
 [  1.31200000e+04   0.00000000e+00]
 [  1.34400000e+04   0.00000000e+00]
 [  1.37600000e+04   0.00000000e+00]
 [  1.40800000e+04   0.00000000e+00]
 [  1.44000000e+04   0.00000000e+00]
 [  1.47200000e+04   0.00000000e+00]
 [  1.50400000e+04   0.00000000e+00]
 [  1.53600000e+04   0.00000000e+00]
 [  1.56800000e+04   0.00000000e+00]
 [  1.60000000e+04   0.00000000e+00]
 [  1.63200000e+04   0.00000000e+00]
 [  1.66400000e+04   0.00000000e+00]
 [  1.69600000e+04   0.00000000e+00]
 [  1.72800000e+04   0.00000000e+00]
 [  1.76000000e+04   0.00000000e+00]
 [  1.79200000e+04   0.00000000e+00]
 [  1.82400000e+04   0.00000000e+00]
 [  1.85600000e+04   1.00000000e+00]
 [  1.88800000e+04   1.00000000e+00]
 [  1.92000000e+04   1.00000000e+00]
 [  1.95200000e+04   1.00000000e+00]
 [  1.98400000e+04   1.00000000e+00]
 [  2.01600000e+04   1.00000000e+00]
 [  2.04800000e+04   1.00000000e+00]
 [  2.08000000e+04   1.00000000e+00]
 [  2.11200000e+04   1.00000000e+00]
 [  2.14400000e+04   1.00000000e+00]
 [  2.17600000e+04   1.00000000e+00]
 [  2.20800000e+04   1.00000000e+00]
 [  2.24000000e+04   1.00000000e+00]
 [  2.27200000e+04   1.00000000e+00]
 [  2.30400000e+04   1.00000000e+00]
 [  2.33600000e+04   1.00000000e+00]
 [  2.36800000e+04   1.00000000e+00]
 [  2.40000000e+04   1.00000000e+00]
 [  2.43200000e+04   1.00000000e+00]
 [  2.46400000e+04   1.00000000e+00]
 [  2.49600000e+04   1.00000000e+00]
 [  2.52800000e+04   1.00000000e+00]
 [  2.56000000e+04   1.00000000e+00]
 [  2.59200000e+04   1.00000000e+00]
 [  2.62400000e+04   1.00000000e+00]
 [  2.65600000e+04   1.00000000e+00]
 [  2.68800000e+04   1.00000000e+00]
 [  2.72000000e+04   1.00000000e+00]
 [  2.75200000e+04   1.00000000e+00]
 [  2.78400000e+04   1.00000000e+00]
 [  2.81600000e+04   1.00000000e+00]
 [  2.84800000e+04   1.00000000e+00]
 [  2.88000000e+04   1.00000000e+00]
 [  2.91200000e+04   1.00000000e+00]
 [  2.94400000e+04   1.00000000e+00]
 [  2.97600000e+04   1.00000000e+00]
 [  3.00800000e+04   1.00000000e+00]
 [  3.04000000e+04   1.00000000e+00]
 [  3.07200000e+04   1.00000000e+00]
 [  3.10400000e+04   1.00000000e+00]
 [  3.13600000e+04   1.00000000e+00]
 [  3.16800000e+04   1.00000000e+00]
 [  3.20000000e+04   1.00000000e+00]
 [  3.23200000e+04   1.00000000e+00]
 [  3.26400000e+04   1.00000000e+00]
 [  3.29600000e+04   1.00000000e+00]
 [  3.32800000e+04   1.00000000e+00]
 [  3.36000000e+04   1.00000000e+00]
 [  3.39200000e+04   1.00000000e+00]
 [  3.42400000e+04   1.00000000e+00]
 [  3.45600000e+04   1.00000000e+00]
 [  3.48800000e+04   1.00000000e+00]
 [  3.52000000e+04   1.00000000e+00]
 [  3.55200000e+04   1.00000000e+00]
 [  3.58400000e+04   1.00000000e+00]
 [  3.61600000e+04   1.00000000e+00]
 [  3.64800000e+04   1.00000000e+00]
 [  3.68000000e+04   1.00000000e+00]
 [  3.71200000e+04   1.00000000e+00]
 [  3.74400000e+04   1.00000000e+00]
 [  3.77600000e+04   1.00000000e+00]
 [  3.80800000e+04   1.00000000e+00]
 [  3.84000000e+04   1.00000000e+00]
 [  3.87200000e+04   1.00000000e+00]
 [  3.90400000e+04   1.00000000e+00]
 [  3.93600000e+04   1.00000000e+00]
 [  3.96800000e+04   1.00000000e+00]
 [  4.00000000e+04   1.00000000e+00]
 [  4.03200000e+04   1.00000000e+00]
 [  4.06400000e+04   1.00000000e+00]
 [  4.09600000e+04   1.00000000e+00]
 [  4.12800000e+04   1.00000000e+00]
 [  4.16000000e+04   1.00000000e+00]
 [  4.19200000e+04   1.00000000e+00]
 [  4.22400000e+04   1.00000000e+00]
 [  4.25600000e+04   1.00000000e+00]
 [  4.28800000e+04   1.00000000e+00]
 [  4.32000000e+04   1.00000000e+00]
 [  4.35200000e+04   1.00000000e+00]
 [  4.38400000e+04   1.00000000e+00]
 [  4.41600000e+04   1.00000000e+00]
 [  4.44800000e+04   1.00000000e+00]
 [  4.48000000e+04   1.00000000e+00]
 [  4.51200000e+04   1.00000000e+00]
 [  4.54400000e+04   1.00000000e+00]
 [  4.57600000e+04   1.00000000e+00]
 [  4.60800000e+04   1.00000000e+00]
 [  4.64000000e+04   1.00000000e+00]
 [  4.67200000e+04   1.00000000e+00]
 [  4.70400000e+04   1.00000000e+00]
 [  4.73600000e+04   1.00000000e+00]
 [  4.76800000e+04   1.00000000e+00]
 [  4.80000000e+04   1.00000000e+00]
 [  4.83200000e+04   1.00000000e+00]
 [  4.86400000e+04   1.00000000e+00]
 [  4.89600000e+04   1.00000000e+00]
 [  4.92800000e+04   1.00000000e+00]
 [  4.96000000e+04   1.00000000e+00]
 [  4.99200000e+04   1.00000000e+00]
 [  5.02400000e+04   1.00000000e+00]
 [  5.05600000e+04   1.00000000e+00]
 [  5.08800000e+04   1.00000000e+00]
 [  5.12000000e+04   1.00000000e+00]
 [  5.15200000e+04   1.00000000e+00]
 [  5.18400000e+04   1.00000000e+00]
 [  5.21600000e+04   1.00000000e+00]
 [  5.24800000e+04   1.00000000e+00]
 [  5.28000000e+04   0.00000000e+00]
 [  5.31200000e+04   0.00000000e+00]
 [  5.34400000e+04   0.00000000e+00]
 [  5.37600000e+04   0.00000000e+00]
 [  5.40800000e+04   0.00000000e+00]
 [  5.44000000e+04   0.00000000e+00]
 [  5.47200000e+04   0.00000000e+00]
 [  5.50400000e+04   0.00000000e+00]
 [  5.53600000e+04   0.00000000e+00]
 [  5.56800000e+04   0.00000000e+00]
 [  5.60000000e+04   0.00000000e+00]
 [  5.63200000e+04   0.00000000e+00]
 [  5.66400000e+04   0.00000000e+00]
 [  5.69600000e+04   0.00000000e+00]
 [  5.72800000e+04   0.00000000e+00]
 [  5.76000000e+04   0.00000000e+00]
 [  5.79200000e+04   0.00000000e+00]
 [  5.82400000e+04   0.00000000e+00]
 [  5.85600000e+04   0.00000000e+00]
 [  5.88800000e+04   0.00000000e+00]
 [  5.92000000e+04   0.00000000e+00]
 [  5.95200000e+04   0.00000000e+00]
 [  5.98400000e+04   0.00000000e+00]
 [  6.01600000e+04   0.00000000e+00]
 [  6.04800000e+04   0.00000000e+00]
 [  6.08000000e+04   0.00000000e+00]
 [  6.11200000e+04   0.00000000e+00]
 [  6.14400000e+04   0.00000000e+00]
 [  6.17600000e+04   0.00000000e+00]
 [  6.20800000e+04   0.00000000e+00]
 [  6.24000000e+04   0.00000000e+00]
 [  6.27200000e+04   0.00000000e+00]
 [  6.30400000e+04   0.00000000e+00]
 [  6.33600000e+04   0.00000000e+00]
 [  6.36800000e+04   0.00000000e+00]
 [  6.40000000e+04   0.00000000e+00]
 [  6.43200000e+04   0.00000000e+00]
 [  6.46400000e+04   0.00000000e+00]
 [  6.49600000e+04   0.00000000e+00]
 [  6.52800000e+04   0.00000000e+00]
 [  6.56000000e+04   0.00000000e+00]
 [  6.59200000e+04   0.00000000e+00]
 [  6.62400000e+04   0.00000000e+00]
 [  6.65600000e+04   0.00000000e+00]
 [  6.68800000e+04   0.00000000e+00]
 [  6.72000000e+04   0.00000000e+00]
 [  6.75200000e+04   0.00000000e+00]
 [  6.78400000e+04   0.00000000e+00]
 [  6.81600000e+04   0.00000000e+00]
 [  6.84800000e+04   0.00000000e+00]
 [  6.88000000e+04   0.00000000e+00]
 [  6.91200000e+04   0.00000000e+00]
 [  6.94400000e+04   0.00000000e+00]
 [  6.97600000e+04   0.00000000e+00]
 [  7.00800000e+04   0.00000000e+00]
 [  7.04000000e+04   0.00000000e+00]
 [  7.07200000e+04   0.00000000e+00]
 [  7.10400000e+04   0.00000000e+00]
 [  7.13600000e+04   0.00000000e+00]
 [  7.16800000e+04   0.00000000e+00]
 [  7.20000000e+04   0.00000000e+00]
 [  7.23200000e+04   0.00000000e+00]
 [  7.26400000e+04   0.00000000e+00]
 [  7.29600000e+04   0.00000000e+00]
 [  7.32800000e+04   0.00000000e+00]]