[[     0.      0.]
 [   480.      0.]
 [   960.      0.]
 [  1440.      0.]
 [  1920.      0.]
 [  2400.      0.]
 [  2880.      0.]
 [  3360.      0.]
 [  3840.      0.]
 [  4320.      0.]
 [  4800.      0.]
 [  5280.      0.]
 [  5760.      0.]
 [  6240.      0.]
 [  6720.      0.]
 [  7200.      0.]
 [  7680.      0.]
 [  8160.      0.]
 [  8640.      0.]
 [  9120.      0.]
 [  9600.      0.]
 [ 10080.      0.]
 [ 10560.      0.]
 [ 11040.      0.]
 [ 11520.      0.]
 [ 12000.      0.]
 [ 12480.      0.]
 [ 12960.      0.]
 [ 13440.      0.]
 [ 13920.      0.]
 [ 14400.      0.]
 [ 14880.      0.]
 [ 15360.      0.]
 [ 15840.      0.]
 [ 16320.      0.]
 [ 16800.      0.]
 [ 17280.      0.]
 [ 17760.      0.]
 [ 18240.      0.]
 [ 18720.      0.]
 [ 19200.      0.]
 [ 19680.      0.]
 [ 20160.      0.]
 [ 20640.      0.]
 [ 21120.      0.]
 [ 21600.      0.]
 [ 22080.      0.]
 [ 22560.      0.]
 [ 23040.      0.]
 [ 23520.      0.]
 [ 24000.      0.]
 [ 24480.      0.]
 [ 24960.      0.]
 [ 25440.      0.]
 [ 25920.      0.]
 [ 26400.      0.]
 [ 26880.      0.]
 [ 27360.      0.]
 [ 27840.      0.]
 [ 28320.      0.]
 [ 28800.      0.]
 [ 29280.      0.]
 [ 29760.      0.]
 [ 30240.      0.]
 [ 30720.      0.]
 [ 31200.      0.]
 [ 31680.      0.]
 [ 32160.      0.]
 [ 32640.      0.]
 [ 33120.      0.]
 [ 33600.      0.]
 [ 34080.      0.]
 [ 34560.      0.]
 [ 35040.      0.]
 [ 35520.      0.]
 [ 36000.      0.]
 [ 36480.      0.]
 [ 36960.      0.]
 [ 37440.      0.]
 [ 37920.      0.]
 [ 38400.      0.]
 [ 38880.      0.]
 [ 39360.      0.]
 [ 39840.      0.]
 [ 40320.      0.]
 [ 40800.      0.]
 [ 41280.      0.]
 [ 41760.      0.]
 [ 42240.      0.]
 [ 42720.      0.]
 [ 43200.      0.]
 [ 43680.      0.]
 [ 44160.      0.]
 [ 44640.      0.]
 [ 45120.      0.]
 [ 45600.      0.]
 [ 46080.      0.]
 [ 46560.      0.]]