[[  0.00000000e+00   0.00000000e+00]
 [  4.80000000e+02   0.00000000e+00]
 [  9.60000000e+02   0.00000000e+00]
 [  1.44000000e+03   0.00000000e+00]
 [  1.92000000e+03   0.00000000e+00]
 [  2.40000000e+03   0.00000000e+00]
 [  2.88000000e+03   0.00000000e+00]
 [  3.36000000e+03   0.00000000e+00]
 [  3.84000000e+03   0.00000000e+00]
 [  4.32000000e+03   0.00000000e+00]
 [  4.80000000e+03   0.00000000e+00]
 [  5.28000000e+03   0.00000000e+00]
 [  5.76000000e+03   0.00000000e+00]
 [  6.24000000e+03   0.00000000e+00]
 [  6.72000000e+03   0.00000000e+00]
 [  7.20000000e+03   0.00000000e+00]
 [  7.68000000e+03   0.00000000e+00]
 [  8.16000000e+03   0.00000000e+00]
 [  8.64000000e+03   0.00000000e+00]
 [  9.12000000e+03   0.00000000e+00]
 [  9.60000000e+03   0.00000000e+00]
 [  1.00800000e+04   0.00000000e+00]
 [  1.05600000e+04   0.00000000e+00]
 [  1.10400000e+04   0.00000000e+00]
 [  1.15200000e+04   0.00000000e+00]
 [  1.20000000e+04   0.00000000e+00]
 [  1.24800000e+04   0.00000000e+00]
 [  1.29600000e+04   0.00000000e+00]
 [  1.34400000e+04   0.00000000e+00]
 [  1.39200000e+04   0.00000000e+00]
 [  1.44000000e+04   0.00000000e+00]
 [  1.48800000e+04   0.00000000e+00]
 [  1.53600000e+04   0.00000000e+00]
 [  1.58400000e+04   0.00000000e+00]
 [  1.63200000e+04   0.00000000e+00]
 [  1.68000000e+04   0.00000000e+00]
 [  1.72800000e+04   0.00000000e+00]
 [  1.77600000e+04   0.00000000e+00]
 [  1.82400000e+04   0.00000000e+00]
 [  1.87200000e+04   0.00000000e+00]
 [  1.92000000e+04   0.00000000e+00]
 [  1.96800000e+04   0.00000000e+00]
 [  2.01600000e+04   0.00000000e+00]
 [  2.06400000e+04   0.00000000e+00]
 [  2.11200000e+04   0.00000000e+00]
 [  2.16000000e+04   1.00000000e+00]
 [  2.20800000e+04   1.00000000e+00]
 [  2.25600000e+04   1.00000000e+00]
 [  2.30400000e+04   1.00000000e+00]
 [  2.35200000e+04   1.00000000e+00]
 [  2.40000000e+04   1.00000000e+00]
 [  2.44800000e+04   1.00000000e+00]
 [  2.49600000e+04   1.00000000e+00]
 [  2.54400000e+04   1.00000000e+00]
 [  2.59200000e+04   1.00000000e+00]
 [  2.64000000e+04   1.00000000e+00]
 [  2.68800000e+04   1.00000000e+00]
 [  2.73600000e+04   1.00000000e+00]
 [  2.78400000e+04   1.00000000e+00]
 [  2.83200000e+04   1.00000000e+00]
 [  2.88000000e+04   1.00000000e+00]
 [  2.92800000e+04   1.00000000e+00]
 [  2.97600000e+04   1.00000000e+00]
 [  3.02400000e+04   1.00000000e+00]
 [  3.07200000e+04   1.00000000e+00]
 [  3.12000000e+04   0.00000000e+00]
 [  3.16800000e+04   0.00000000e+00]
 [  3.21600000e+04   0.00000000e+00]
 [  3.26400000e+04   0.00000000e+00]
 [  3.31200000e+04   0.00000000e+00]
 [  3.36000000e+04   0.00000000e+00]
 [  3.40800000e+04   0.00000000e+00]
 [  3.45600000e+04   0.00000000e+00]
 [  3.50400000e+04   0.00000000e+00]
 [  3.55200000e+04   0.00000000e+00]
 [  3.60000000e+04   0.00000000e+00]
 [  3.64800000e+04   0.00000000e+00]
 [  3.69600000e+04   0.00000000e+00]
 [  3.74400000e+04   0.00000000e+00]
 [  3.79200000e+04   0.00000000e+00]
 [  3.84000000e+04   0.00000000e+00]
 [  3.88800000e+04   0.00000000e+00]
 [  3.93600000e+04   0.00000000e+00]
 [  3.98400000e+04   0.00000000e+00]
 [  4.03200000e+04   0.00000000e+00]
 [  4.08000000e+04   0.00000000e+00]
 [  4.12800000e+04   0.00000000e+00]
 [  4.17600000e+04   0.00000000e+00]
 [  4.22400000e+04   0.00000000e+00]
 [  4.27200000e+04   0.00000000e+00]
 [  4.32000000e+04   0.00000000e+00]
 [  4.36800000e+04   0.00000000e+00]
 [  4.41600000e+04   0.00000000e+00]
 [  4.46400000e+04   0.00000000e+00]
 [  4.51200000e+04   0.00000000e+00]
 [  4.56000000e+04   0.00000000e+00]
 [  4.60800000e+04   0.00000000e+00]
 [  4.65600000e+04   0.00000000e+00]]