[[      0.       0.]
 [    320.       0.]
 [    640.       0.]
 [    960.       0.]
 [   1280.       0.]
 [   1600.       0.]
 [   1920.       0.]
 [   2240.       0.]
 [   2560.       0.]
 [   2880.       0.]
 [   3200.       0.]
 [   3520.       0.]
 [   3840.       0.]
 [   4160.       0.]
 [   4480.       0.]
 [   4800.       0.]
 [   5120.       0.]
 [   5440.       0.]
 [   5760.       0.]
 [   6080.       0.]
 [   6400.       0.]
 [   6720.       0.]
 [   7040.       0.]
 [   7360.       0.]
 [   7680.       0.]
 [   8000.       0.]
 [   8320.       0.]
 [   8640.       0.]
 [   8960.       0.]
 [   9280.       0.]
 [   9600.       0.]
 [   9920.       0.]
 [  10240.       0.]
 [  10560.       0.]
 [  10880.       0.]
 [  11200.       0.]
 [  11520.       0.]
 [  11840.       0.]
 [  12160.       0.]
 [  12480.       0.]
 [  12800.       0.]
 [  13120.       0.]
 [  13440.       0.]
 [  13760.       0.]
 [  14080.       0.]
 [  14400.       0.]
 [  14720.       0.]
 [  15040.       0.]
 [  15360.       0.]
 [  15680.       0.]
 [  16000.       0.]
 [  16320.       0.]
 [  16640.       0.]
 [  16960.       0.]
 [  17280.       0.]
 [  17600.       0.]
 [  17920.       0.]
 [  18240.       0.]
 [  18560.       0.]
 [  18880.       0.]
 [  19200.       0.]
 [  19520.       0.]
 [  19840.       0.]
 [  20160.       0.]
 [  20480.       0.]
 [  20800.       0.]
 [  21120.       0.]
 [  21440.       0.]
 [  21760.       0.]
 [  22080.       0.]
 [  22400.       0.]
 [  22720.       0.]
 [  23040.       0.]
 [  23360.       0.]
 [  23680.       0.]
 [  24000.       0.]
 [  24320.       0.]
 [  24640.       0.]
 [  24960.       0.]
 [  25280.       0.]
 [  25600.       0.]
 [  25920.       0.]
 [  26240.       0.]
 [  26560.       0.]
 [  26880.       0.]
 [  27200.       0.]
 [  27520.       0.]
 [  27840.       0.]
 [  28160.       0.]
 [  28480.       0.]
 [  28800.       0.]
 [  29120.       0.]
 [  29440.       0.]
 [  29760.       0.]
 [  30080.       0.]
 [  30400.       0.]
 [  30720.       0.]
 [  31040.       0.]
 [  31360.       0.]
 [  31680.       0.]
 [  32000.       0.]
 [  32320.       0.]
 [  32640.       0.]
 [  32960.       0.]
 [  33280.       0.]
 [  33600.       0.]
 [  33920.       0.]
 [  34240.       0.]
 [  34560.       0.]
 [  34880.       0.]
 [  35200.       0.]
 [  35520.       0.]
 [  35840.       0.]
 [  36160.       0.]
 [  36480.       0.]
 [  36800.       0.]
 [  37120.       0.]
 [  37440.       0.]
 [  37760.       0.]
 [  38080.       0.]
 [  38400.       0.]
 [  38720.       0.]
 [  39040.       0.]
 [  39360.       0.]
 [  39680.       0.]
 [  40000.       0.]
 [  40320.       0.]
 [  40640.       0.]
 [  40960.       0.]
 [  41280.       0.]
 [  41600.       0.]
 [  41920.       0.]
 [  42240.       0.]
 [  42560.       0.]
 [  42880.       0.]
 [  43200.       0.]
 [  43520.       0.]
 [  43840.       0.]
 [  44160.       0.]
 [  44480.       0.]
 [  44800.       0.]
 [  45120.       0.]
 [  45440.       0.]
 [  45760.       0.]
 [  46080.       0.]
 [  46400.       0.]
 [  46720.       0.]
 [  47040.       0.]
 [  47360.       0.]
 [  47680.       0.]
 [  48000.       0.]
 [  48320.       0.]
 [  48640.       0.]
 [  48960.       0.]
 [  49280.       0.]
 [  49600.       0.]
 [  49920.       0.]
 [  50240.       0.]
 [  50560.       0.]
 [  50880.       0.]
 [  51200.       0.]
 [  51520.       0.]
 [  51840.       0.]
 [  52160.       0.]
 [  52480.       0.]
 [  52800.       0.]
 [  53120.       0.]
 [  53440.       0.]
 [  53760.       0.]
 [  54080.       0.]
 [  54400.       0.]
 [  54720.       0.]
 [  55040.       0.]
 [  55360.       0.]
 [  55680.       0.]
 [  56000.       0.]
 [  56320.       0.]
 [  56640.       0.]
 [  56960.       0.]
 [  57280.       0.]
 [  57600.       0.]
 [  57920.       0.]
 [  58240.       0.]
 [  58560.       0.]
 [  58880.       0.]
 [  59200.       0.]
 [  59520.       0.]
 [  59840.       0.]
 [  60160.       0.]
 [  60480.       0.]
 [  60800.       0.]
 [  61120.       0.]
 [  61440.       0.]
 [  61760.       0.]
 [  62080.       0.]
 [  62400.       0.]
 [  62720.       0.]
 [  63040.       0.]
 [  63360.       0.]
 [  63680.       0.]
 [  64000.       0.]
 [  64320.       0.]
 [  64640.       0.]
 [  64960.       0.]
 [  65280.       0.]
 [  65600.       0.]
 [  65920.       0.]
 [  66240.       0.]
 [  66560.       0.]
 [  66880.       0.]
 [  67200.       0.]
 [  67520.       0.]
 [  67840.       0.]
 [  68160.       0.]
 [  68480.       0.]
 [  68800.       0.]
 [  69120.       0.]
 [  69440.       0.]
 [  69760.       0.]
 [  70080.       0.]
 [  70400.       0.]
 [  70720.       0.]
 [  71040.       0.]
 [  71360.       0.]
 [  71680.       0.]
 [  72000.       0.]
 [  72320.       0.]
 [  72640.       0.]
 [  72960.       0.]
 [  73280.       0.]
 [  73600.       0.]
 [  73920.       0.]
 [  74240.       0.]
 [  74560.       0.]
 [  74880.       0.]
 [  75200.       0.]
 [  75520.       0.]
 [  75840.       0.]
 [  76160.       0.]
 [  76480.       0.]
 [  76800.       0.]
 [  77120.       0.]
 [  77440.       0.]
 [  77760.       0.]
 [  78080.       0.]
 [  78400.       0.]
 [  78720.       0.]
 [  79040.       0.]
 [  79360.       0.]
 [  79680.       0.]
 [  80000.       0.]
 [  80320.       0.]
 [  80640.       0.]
 [  80960.       0.]
 [  81280.       0.]
 [  81600.       0.]
 [  81920.       0.]
 [  82240.       0.]
 [  82560.       0.]
 [  82880.       0.]
 [  83200.       0.]
 [  83520.       0.]
 [  83840.       0.]
 [  84160.       0.]
 [  84480.       0.]
 [  84800.       0.]
 [  85120.       0.]
 [  85440.       0.]
 [  85760.       0.]
 [  86080.       0.]
 [  86400.       0.]
 [  86720.       0.]
 [  87040.       0.]
 [  87360.       0.]
 [  87680.       0.]
 [  88000.       0.]
 [  88320.       0.]
 [  88640.       0.]
 [  88960.       0.]
 [  89280.       0.]
 [  89600.       0.]
 [  89920.       0.]
 [  90240.       0.]
 [  90560.       0.]
 [  90880.       0.]
 [  91200.       0.]
 [  91520.       0.]
 [  91840.       0.]
 [  92160.       0.]
 [  92480.       0.]
 [  92800.       0.]
 [  93120.       0.]
 [  93440.       0.]
 [  93760.       0.]
 [  94080.       0.]
 [  94400.       0.]
 [  94720.       0.]
 [  95040.       0.]
 [  95360.       0.]
 [  95680.       0.]
 [  96000.       0.]
 [  96320.       0.]
 [  96640.       0.]
 [  96960.       0.]
 [  97280.       0.]
 [  97600.       0.]
 [  97920.       0.]
 [  98240.       0.]
 [  98560.       0.]
 [  98880.       0.]
 [  99200.       0.]
 [  99520.       0.]
 [  99840.       0.]
 [ 100160.       0.]
 [ 100480.       0.]
 [ 100800.       0.]
 [ 101120.       0.]
 [ 101440.       0.]
 [ 101760.       0.]
 [ 102080.       0.]
 [ 102400.       0.]
 [ 102720.       0.]
 [ 103040.       0.]
 [ 103360.       0.]
 [ 103680.       0.]
 [ 104000.       0.]
 [ 104320.       0.]
 [ 104640.       0.]
 [ 104960.       0.]
 [ 105280.       0.]
 [ 105600.       0.]
 [ 105920.       0.]
 [ 106240.       0.]
 [ 106560.       0.]
 [ 106880.       0.]
 [ 107200.       0.]
 [ 107520.       0.]
 [ 107840.       0.]
 [ 108160.       0.]
 [ 108480.       0.]
 [ 108800.       0.]
 [ 109120.       0.]
 [ 109440.       0.]
 [ 109760.       0.]
 [ 110080.       0.]
 [ 110400.       0.]
 [ 110720.       0.]
 [ 111040.       0.]
 [ 111360.       0.]
 [ 111680.       0.]
 [ 112000.       0.]
 [ 112320.       0.]
 [ 112640.       0.]
 [ 112960.       0.]
 [ 113280.       0.]
 [ 113600.       0.]
 [ 113920.       0.]
 [ 114240.       0.]
 [ 114560.       0.]
 [ 114880.       0.]
 [ 115200.       0.]
 [ 115520.       0.]
 [ 115840.       0.]
 [ 116160.       0.]
 [ 116480.       0.]
 [ 116800.       0.]
 [ 117120.       0.]
 [ 117440.       0.]
 [ 117760.       0.]
 [ 118080.       0.]
 [ 118400.       0.]
 [ 118720.       0.]
 [ 119040.       0.]
 [ 119360.       0.]
 [ 119680.       0.]
 [ 120000.       0.]
 [ 120320.       0.]
 [ 120640.       0.]
 [ 120960.       0.]
 [ 121280.       0.]
 [ 121600.       0.]
 [ 121920.       0.]
 [ 122240.       0.]
 [ 122560.       0.]
 [ 122880.       0.]
 [ 123200.       0.]
 [ 123520.       0.]
 [ 123840.       0.]
 [ 124160.       0.]
 [ 124480.       0.]
 [ 124800.       0.]
 [ 125120.       0.]
 [ 125440.       0.]
 [ 125760.       0.]
 [ 126080.       0.]
 [ 126400.       0.]
 [ 126720.       0.]
 [ 127040.       0.]
 [ 127360.       0.]
 [ 127680.       0.]
 [ 128000.       0.]
 [ 128320.       0.]
 [ 128640.       0.]
 [ 128960.       0.]
 [ 129280.       0.]
 [ 129600.       0.]
 [ 129920.       0.]
 [ 130240.       0.]
 [ 130560.       0.]
 [ 130880.       0.]
 [ 131200.       0.]
 [ 131520.       0.]
 [ 131840.       0.]
 [ 132160.       0.]
 [ 132480.       0.]
 [ 132800.       0.]
 [ 133120.       0.]
 [ 133440.       0.]
 [ 133760.       0.]
 [ 134080.       0.]
 [ 134400.       0.]
 [ 134720.       0.]
 [ 135040.       0.]
 [ 135360.       0.]
 [ 135680.       0.]
 [ 136000.       0.]
 [ 136320.       0.]
 [ 136640.       0.]
 [ 136960.       0.]
 [ 137280.       0.]
 [ 137600.       0.]
 [ 137920.       0.]
 [ 138240.       0.]
 [ 138560.       0.]
 [ 138880.       0.]
 [ 139200.       0.]
 [ 139520.       0.]
 [ 139840.       0.]
 [ 140160.       0.]
 [ 140480.       0.]
 [ 140800.       0.]
 [ 141120.       0.]
 [ 141440.       0.]
 [ 141760.       0.]
 [ 142080.       0.]
 [ 142400.       0.]
 [ 142720.       0.]
 [ 143040.       0.]
 [ 143360.       0.]
 [ 143680.       0.]
 [ 144000.       0.]
 [ 144320.       0.]
 [ 144640.       0.]
 [ 144960.       0.]
 [ 145280.       0.]
 [ 145600.       0.]
 [ 145920.       0.]
 [ 146240.       0.]
 [ 146560.       0.]
 [ 146880.       0.]
 [ 147200.       0.]
 [ 147520.       0.]
 [ 147840.       0.]
 [ 148160.       0.]
 [ 148480.       0.]
 [ 148800.       0.]
 [ 149120.       0.]
 [ 149440.       0.]
 [ 149760.       0.]
 [ 150080.       0.]
 [ 150400.       0.]
 [ 150720.       0.]
 [ 151040.       0.]
 [ 151360.       0.]
 [ 151680.       0.]
 [ 152000.       0.]
 [ 152320.       0.]
 [ 152640.       0.]
 [ 152960.       0.]
 [ 153280.       0.]
 [ 153600.       0.]
 [ 153920.       0.]
 [ 154240.       0.]
 [ 154560.       0.]
 [ 154880.       0.]
 [ 155200.       0.]
 [ 155520.       0.]
 [ 155840.       0.]
 [ 156160.       0.]
 [ 156480.       0.]
 [ 156800.       0.]
 [ 157120.       0.]
 [ 157440.       0.]
 [ 157760.       0.]
 [ 158080.       0.]
 [ 158400.       0.]
 [ 158720.       0.]
 [ 159040.       0.]
 [ 159360.       0.]
 [ 159680.       0.]
 [ 160000.       0.]
 [ 160320.       0.]
 [ 160640.       0.]
 [ 160960.       0.]
 [ 161280.       0.]
 [ 161600.       0.]
 [ 161920.       0.]
 [ 162240.       0.]
 [ 162560.       0.]
 [ 162880.       0.]
 [ 163200.       0.]
 [ 163520.       0.]
 [ 163840.       0.]
 [ 164160.       0.]
 [ 164480.       0.]
 [ 164800.       0.]
 [ 165120.       0.]
 [ 165440.       0.]
 [ 165760.       0.]
 [ 166080.       0.]
 [ 166400.       0.]
 [ 166720.       0.]
 [ 167040.       0.]
 [ 167360.       0.]
 [ 167680.       0.]
 [ 168000.       0.]
 [ 168320.       0.]
 [ 168640.       0.]
 [ 168960.       0.]
 [ 169280.       0.]
 [ 169600.       0.]
 [ 169920.       0.]
 [ 170240.       0.]
 [ 170560.       0.]
 [ 170880.       0.]
 [ 171200.       0.]
 [ 171520.       0.]
 [ 171840.       0.]
 [ 172160.       0.]
 [ 172480.       0.]
 [ 172800.       0.]
 [ 173120.       0.]
 [ 173440.       0.]
 [ 173760.       0.]
 [ 174080.       0.]
 [ 174400.       0.]
 [ 174720.       0.]
 [ 175040.       0.]
 [ 175360.       0.]
 [ 175680.       0.]
 [ 176000.       0.]
 [ 176320.       0.]
 [ 176640.       0.]
 [ 176960.       0.]
 [ 177280.       0.]
 [ 177600.       0.]
 [ 177920.       0.]
 [ 178240.       0.]
 [ 178560.       0.]
 [ 178880.       0.]
 [ 179200.       0.]
 [ 179520.       0.]
 [ 179840.       0.]
 [ 180160.       0.]
 [ 180480.       0.]
 [ 180800.       0.]
 [ 181120.       0.]
 [ 181440.       0.]
 [ 181760.       0.]
 [ 182080.       0.]
 [ 182400.       0.]
 [ 182720.       0.]
 [ 183040.       0.]
 [ 183360.       0.]
 [ 183680.       0.]
 [ 184000.       0.]
 [ 184320.       0.]
 [ 184640.       0.]
 [ 184960.       0.]
 [ 185280.       0.]
 [ 185600.       0.]
 [ 185920.       0.]
 [ 186240.       0.]
 [ 186560.       0.]
 [ 186880.       0.]
 [ 187200.       0.]
 [ 187520.       0.]
 [ 187840.       0.]
 [ 188160.       0.]
 [ 188480.       0.]
 [ 188800.       0.]
 [ 189120.       0.]
 [ 189440.       0.]
 [ 189760.       0.]
 [ 190080.       0.]
 [ 190400.       0.]
 [ 190720.       0.]
 [ 191040.       0.]
 [ 191360.       0.]
 [ 191680.       0.]
 [ 192000.       0.]
 [ 192320.       0.]
 [ 192640.       0.]
 [ 192960.       0.]
 [ 193280.       0.]
 [ 193600.       0.]
 [ 193920.       0.]
 [ 194240.       0.]
 [ 194560.       0.]
 [ 194880.       0.]
 [ 195200.       0.]
 [ 195520.       0.]
 [ 195840.       0.]
 [ 196160.       0.]
 [ 196480.       0.]
 [ 196800.       0.]
 [ 197120.       0.]
 [ 197440.       0.]
 [ 197760.       0.]
 [ 198080.       0.]
 [ 198400.       0.]
 [ 198720.       0.]
 [ 199040.       0.]
 [ 199360.       0.]
 [ 199680.       0.]
 [ 200000.       0.]
 [ 200320.       0.]
 [ 200640.       0.]
 [ 200960.       0.]
 [ 201280.       0.]
 [ 201600.       0.]
 [ 201920.       0.]
 [ 202240.       0.]
 [ 202560.       0.]
 [ 202880.       0.]
 [ 203200.       0.]
 [ 203520.       0.]
 [ 203840.       0.]
 [ 204160.       0.]
 [ 204480.       0.]
 [ 204800.       0.]
 [ 205120.       0.]
 [ 205440.       0.]
 [ 205760.       0.]
 [ 206080.       0.]
 [ 206400.       0.]
 [ 206720.       0.]
 [ 207040.       0.]
 [ 207360.       0.]
 [ 207680.       0.]
 [ 208000.       0.]
 [ 208320.       0.]
 [ 208640.       0.]
 [ 208960.       0.]
 [ 209280.       0.]
 [ 209600.       0.]
 [ 209920.       0.]
 [ 210240.       0.]
 [ 210560.       0.]
 [ 210880.       0.]
 [ 211200.       0.]
 [ 211520.       0.]
 [ 211840.       0.]
 [ 212160.       0.]
 [ 212480.       0.]
 [ 212800.       0.]
 [ 213120.       0.]
 [ 213440.       0.]
 [ 213760.       0.]
 [ 214080.       0.]
 [ 214400.       0.]
 [ 214720.       0.]
 [ 215040.       0.]
 [ 215360.       0.]
 [ 215680.       0.]
 [ 216000.       0.]
 [ 216320.       0.]
 [ 216640.       0.]
 [ 216960.       0.]
 [ 217280.       0.]
 [ 217600.       0.]
 [ 217920.       0.]
 [ 218240.       0.]
 [ 218560.       0.]
 [ 218880.       0.]
 [ 219200.       0.]
 [ 219520.       0.]
 [ 219840.       0.]
 [ 220160.       0.]
 [ 220480.       0.]
 [ 220800.       0.]
 [ 221120.       0.]
 [ 221440.       0.]
 [ 221760.       0.]
 [ 222080.       0.]
 [ 222400.       0.]
 [ 222720.       0.]
 [ 223040.       0.]
 [ 223360.       0.]
 [ 223680.       0.]
 [ 224000.       0.]
 [ 224320.       0.]
 [ 224640.       0.]
 [ 224960.       0.]
 [ 225280.       0.]
 [ 225600.       0.]
 [ 225920.       0.]
 [ 226240.       0.]
 [ 226560.       0.]
 [ 226880.       0.]
 [ 227200.       0.]
 [ 227520.       0.]
 [ 227840.       0.]
 [ 228160.       0.]
 [ 228480.       0.]
 [ 228800.       0.]
 [ 229120.       0.]
 [ 229440.       0.]
 [ 229760.       0.]
 [ 230080.       0.]
 [ 230400.       0.]
 [ 230720.       0.]
 [ 231040.       0.]
 [ 231360.       0.]
 [ 231680.       0.]
 [ 232000.       0.]
 [ 232320.       0.]
 [ 232640.       0.]
 [ 232960.       0.]
 [ 233280.       0.]
 [ 233600.       0.]
 [ 233920.       0.]
 [ 234240.       0.]
 [ 234560.       0.]
 [ 234880.       0.]
 [ 235200.       0.]
 [ 235520.       0.]
 [ 235840.       0.]
 [ 236160.       0.]
 [ 236480.       0.]
 [ 236800.       0.]
 [ 237120.       0.]
 [ 237440.       0.]
 [ 237760.       0.]
 [ 238080.       0.]
 [ 238400.       0.]
 [ 238720.       0.]
 [ 239040.       0.]
 [ 239360.       0.]
 [ 239680.       0.]
 [ 240000.       0.]
 [ 240320.       0.]
 [ 240640.       0.]
 [ 240960.       0.]
 [ 241280.       0.]
 [ 241600.       0.]
 [ 241920.       0.]
 [ 242240.       0.]
 [ 242560.       0.]
 [ 242880.       0.]
 [ 243200.       0.]
 [ 243520.       0.]
 [ 243840.       0.]
 [ 244160.       0.]
 [ 244480.       0.]
 [ 244800.       0.]
 [ 245120.       0.]
 [ 245440.       0.]
 [ 245760.       0.]
 [ 246080.       0.]
 [ 246400.       0.]
 [ 246720.       0.]
 [ 247040.       0.]
 [ 247360.       0.]
 [ 247680.       0.]
 [ 248000.       0.]
 [ 248320.       0.]
 [ 248640.       0.]
 [ 248960.       0.]
 [ 249280.       0.]
 [ 249600.       0.]
 [ 249920.       0.]
 [ 250240.       0.]
 [ 250560.       0.]
 [ 250880.       0.]
 [ 251200.       0.]
 [ 251520.       0.]
 [ 251840.       0.]
 [ 252160.       0.]
 [ 252480.       0.]
 [ 252800.       0.]
 [ 253120.       0.]
 [ 253440.       0.]
 [ 253760.       0.]
 [ 254080.       0.]
 [ 254400.       0.]
 [ 254720.       0.]
 [ 255040.       0.]
 [ 255360.       0.]
 [ 255680.       0.]
 [ 256000.       0.]
 [ 256320.       0.]
 [ 256640.       0.]
 [ 256960.       0.]
 [ 257280.       0.]
 [ 257600.       0.]
 [ 257920.       0.]
 [ 258240.       0.]
 [ 258560.       0.]
 [ 258880.       0.]
 [ 259200.       0.]
 [ 259520.       0.]
 [ 259840.       0.]
 [ 260160.       0.]
 [ 260480.       0.]
 [ 260800.       0.]
 [ 261120.       0.]
 [ 261440.       0.]
 [ 261760.       0.]
 [ 262080.       0.]
 [ 262400.       0.]
 [ 262720.       0.]
 [ 263040.       0.]
 [ 263360.       0.]
 [ 263680.       0.]
 [ 264000.       0.]
 [ 264320.       0.]
 [ 264640.       0.]
 [ 264960.       0.]
 [ 265280.       0.]
 [ 265600.       0.]
 [ 265920.       0.]
 [ 266240.       0.]
 [ 266560.       0.]
 [ 266880.       0.]
 [ 267200.       0.]
 [ 267520.       0.]
 [ 267840.       0.]
 [ 268160.       0.]
 [ 268480.       0.]
 [ 268800.       0.]
 [ 269120.       0.]
 [ 269440.       0.]
 [ 269760.       0.]
 [ 270080.       0.]
 [ 270400.       0.]
 [ 270720.       0.]
 [ 271040.       0.]
 [ 271360.       0.]
 [ 271680.       0.]]