[[  0.00000000e+00   1.00000000e+00]
 [  3.20000000e+02   1.00000000e+00]
 [  6.40000000e+02   1.00000000e+00]
 [  9.60000000e+02   1.00000000e+00]
 [  1.28000000e+03   1.00000000e+00]
 [  1.60000000e+03   1.00000000e+00]
 [  1.92000000e+03   1.00000000e+00]
 [  2.24000000e+03   1.00000000e+00]
 [  2.56000000e+03   1.00000000e+00]
 [  2.88000000e+03   1.00000000e+00]
 [  3.20000000e+03   1.00000000e+00]
 [  3.52000000e+03   1.00000000e+00]
 [  3.84000000e+03   1.00000000e+00]
 [  4.16000000e+03   1.00000000e+00]
 [  4.48000000e+03   1.00000000e+00]
 [  4.80000000e+03   1.00000000e+00]
 [  5.12000000e+03   1.00000000e+00]
 [  5.44000000e+03   1.00000000e+00]
 [  5.76000000e+03   1.00000000e+00]
 [  6.08000000e+03   1.00000000e+00]
 [  6.40000000e+03   1.00000000e+00]
 [  6.72000000e+03   1.00000000e+00]
 [  7.04000000e+03   1.00000000e+00]
 [  7.36000000e+03   1.00000000e+00]
 [  7.68000000e+03   1.00000000e+00]
 [  8.00000000e+03   1.00000000e+00]
 [  8.32000000e+03   1.00000000e+00]
 [  8.64000000e+03   0.00000000e+00]
 [  8.96000000e+03   0.00000000e+00]
 [  9.28000000e+03   0.00000000e+00]
 [  9.60000000e+03   0.00000000e+00]
 [  9.92000000e+03   0.00000000e+00]
 [  1.02400000e+04   0.00000000e+00]
 [  1.05600000e+04   0.00000000e+00]
 [  1.08800000e+04   0.00000000e+00]
 [  1.12000000e+04   0.00000000e+00]
 [  1.15200000e+04   0.00000000e+00]
 [  1.18400000e+04   0.00000000e+00]
 [  1.21600000e+04   0.00000000e+00]
 [  1.24800000e+04   0.00000000e+00]
 [  1.28000000e+04   0.00000000e+00]
 [  1.31200000e+04   0.00000000e+00]
 [  1.34400000e+04   0.00000000e+00]
 [  1.37600000e+04   0.00000000e+00]
 [  1.40800000e+04   0.00000000e+00]
 [  1.44000000e+04   0.00000000e+00]
 [  1.47200000e+04   0.00000000e+00]
 [  1.50400000e+04   0.00000000e+00]
 [  1.53600000e+04   0.00000000e+00]
 [  1.56800000e+04   0.00000000e+00]
 [  1.60000000e+04   0.00000000e+00]
 [  1.63200000e+04   0.00000000e+00]
 [  1.66400000e+04   0.00000000e+00]
 [  1.69600000e+04   0.00000000e+00]
 [  1.72800000e+04   0.00000000e+00]
 [  1.76000000e+04   0.00000000e+00]
 [  1.79200000e+04   0.00000000e+00]
 [  1.82400000e+04   0.00000000e+00]
 [  1.85600000e+04   0.00000000e+00]
 [  1.88800000e+04   1.00000000e+00]
 [  1.92000000e+04   1.00000000e+00]
 [  1.95200000e+04   1.00000000e+00]
 [  1.98400000e+04   1.00000000e+00]
 [  2.01600000e+04   1.00000000e+00]
 [  2.04800000e+04   1.00000000e+00]
 [  2.08000000e+04   1.00000000e+00]
 [  2.11200000e+04   1.00000000e+00]
 [  2.14400000e+04   1.00000000e+00]
 [  2.17600000e+04   1.00000000e+00]
 [  2.20800000e+04   1.00000000e+00]
 [  2.24000000e+04   1.00000000e+00]
 [  2.27200000e+04   1.00000000e+00]
 [  2.30400000e+04   1.00000000e+00]
 [  2.33600000e+04   1.00000000e+00]
 [  2.36800000e+04   1.00000000e+00]
 [  2.40000000e+04   1.00000000e+00]
 [  2.43200000e+04   1.00000000e+00]
 [  2.46400000e+04   1.00000000e+00]
 [  2.49600000e+04   1.00000000e+00]
 [  2.52800000e+04   1.00000000e+00]
 [  2.56000000e+04   1.00000000e+00]
 [  2.59200000e+04   1.00000000e+00]
 [  2.62400000e+04   1.00000000e+00]
 [  2.65600000e+04   1.00000000e+00]
 [  2.68800000e+04   1.00000000e+00]
 [  2.72000000e+04   1.00000000e+00]
 [  2.75200000e+04   1.00000000e+00]
 [  2.78400000e+04   1.00000000e+00]
 [  2.81600000e+04   1.00000000e+00]
 [  2.84800000e+04   1.00000000e+00]
 [  2.88000000e+04   1.00000000e+00]
 [  2.91200000e+04   1.00000000e+00]
 [  2.94400000e+04   1.00000000e+00]
 [  2.97600000e+04   1.00000000e+00]
 [  3.00800000e+04   1.00000000e+00]
 [  3.04000000e+04   1.00000000e+00]
 [  3.07200000e+04   1.00000000e+00]
 [  3.10400000e+04   1.00000000e+00]]