[[  0.00000000e+00   1.00000000e+00]
 [  3.20000000e+02   1.00000000e+00]
 [  6.40000000e+02   1.00000000e+00]
 [  9.60000000e+02   1.00000000e+00]
 [  1.28000000e+03   1.00000000e+00]
 [  1.60000000e+03   1.00000000e+00]
 [  1.92000000e+03   1.00000000e+00]
 [  2.24000000e+03   1.00000000e+00]
 [  2.56000000e+03   1.00000000e+00]
 [  2.88000000e+03   1.00000000e+00]
 [  3.20000000e+03   1.00000000e+00]
 [  3.52000000e+03   1.00000000e+00]
 [  3.84000000e+03   1.00000000e+00]
 [  4.16000000e+03   1.00000000e+00]
 [  4.48000000e+03   1.00000000e+00]
 [  4.80000000e+03   1.00000000e+00]]