[[      0.       0.]
 [    320.       0.]
 [    640.       0.]
 [    960.       0.]
 [   1280.       0.]
 [   1600.       0.]
 [   1920.       0.]
 [   2240.       0.]
 [   2560.       0.]
 [   2880.       0.]
 [   3200.       0.]
 [   3520.       0.]
 [   3840.       0.]
 [   4160.       0.]
 [   4480.       0.]
 [   4800.       0.]
 [   5120.       0.]
 [   5440.       0.]
 [   5760.       0.]
 [   6080.       0.]
 [   6400.       0.]
 [   6720.       0.]
 [   7040.       0.]
 [   7360.       0.]
 [   7680.       0.]
 [   8000.       0.]
 [   8320.       0.]
 [   8640.       0.]
 [   8960.       0.]
 [   9280.       0.]
 [   9600.       0.]
 [   9920.       0.]
 [  10240.       0.]
 [  10560.       0.]
 [  10880.       0.]
 [  11200.       0.]
 [  11520.       0.]
 [  11840.       0.]
 [  12160.       0.]
 [  12480.       0.]
 [  12800.       0.]
 [  13120.       0.]
 [  13440.       0.]
 [  13760.       0.]
 [  14080.       0.]
 [  14400.       0.]
 [  14720.       0.]
 [  15040.       0.]
 [  15360.       0.]
 [  15680.       0.]
 [  16000.       0.]
 [  16320.       0.]
 [  16640.       0.]
 [  16960.       0.]
 [  17280.       0.]
 [  17600.       0.]
 [  17920.       0.]
 [  18240.       0.]
 [  18560.       0.]
 [  18880.       0.]
 [  19200.       0.]
 [  19520.       0.]
 [  19840.       0.]
 [  20160.       0.]
 [  20480.       0.]
 [  20800.       0.]
 [  21120.       0.]
 [  21440.       0.]
 [  21760.       0.]
 [  22080.       0.]
 [  22400.       0.]
 [  22720.       0.]
 [  23040.       0.]
 [  23360.       0.]
 [  23680.       0.]
 [  24000.       0.]
 [  24320.       0.]
 [  24640.       0.]
 [  24960.       0.]
 [  25280.       0.]
 [  25600.       0.]
 [  25920.       0.]
 [  26240.       0.]
 [  26560.       0.]
 [  26880.       0.]
 [  27200.       0.]
 [  27520.       0.]
 [  27840.       0.]
 [  28160.       0.]
 [  28480.       0.]
 [  28800.       0.]
 [  29120.       0.]
 [  29440.       0.]
 [  29760.       0.]
 [  30080.       0.]
 [  30400.       0.]
 [  30720.       0.]
 [  31040.       0.]
 [  31360.       0.]
 [  31680.       0.]
 [  32000.       0.]
 [  32320.       0.]
 [  32640.       0.]
 [  32960.       0.]
 [  33280.       0.]
 [  33600.       0.]
 [  33920.       0.]
 [  34240.       0.]
 [  34560.       0.]
 [  34880.       0.]
 [  35200.       0.]
 [  35520.       0.]
 [  35840.       0.]
 [  36160.       0.]
 [  36480.       0.]
 [  36800.       0.]
 [  37120.       0.]
 [  37440.       0.]
 [  37760.       0.]
 [  38080.       0.]
 [  38400.       0.]
 [  38720.       0.]
 [  39040.       0.]
 [  39360.       0.]
 [  39680.       0.]
 [  40000.       0.]
 [  40320.       0.]
 [  40640.       0.]
 [  40960.       0.]
 [  41280.       0.]
 [  41600.       0.]
 [  41920.       0.]
 [  42240.       0.]
 [  42560.       0.]
 [  42880.       0.]
 [  43200.       0.]
 [  43520.       0.]
 [  43840.       0.]
 [  44160.       0.]
 [  44480.       0.]
 [  44800.       0.]
 [  45120.       0.]
 [  45440.       0.]
 [  45760.       0.]
 [  46080.       0.]
 [  46400.       0.]
 [  46720.       0.]
 [  47040.       0.]
 [  47360.       0.]
 [  47680.       0.]
 [  48000.       0.]
 [  48320.       0.]
 [  48640.       0.]
 [  48960.       0.]
 [  49280.       0.]
 [  49600.       0.]
 [  49920.       0.]
 [  50240.       0.]
 [  50560.       0.]
 [  50880.       0.]
 [  51200.       0.]
 [  51520.       0.]
 [  51840.       0.]
 [  52160.       0.]
 [  52480.       0.]
 [  52800.       0.]
 [  53120.       0.]
 [  53440.       0.]
 [  53760.       0.]
 [  54080.       0.]
 [  54400.       0.]
 [  54720.       0.]
 [  55040.       0.]
 [  55360.       0.]
 [  55680.       0.]
 [  56000.       0.]
 [  56320.       0.]
 [  56640.       0.]
 [  56960.       0.]
 [  57280.       0.]
 [  57600.       0.]
 [  57920.       0.]
 [  58240.       0.]
 [  58560.       0.]
 [  58880.       0.]
 [  59200.       0.]
 [  59520.       0.]
 [  59840.       0.]
 [  60160.       0.]
 [  60480.       0.]
 [  60800.       0.]
 [  61120.       0.]
 [  61440.       0.]
 [  61760.       0.]
 [  62080.       0.]
 [  62400.       0.]
 [  62720.       0.]
 [  63040.       0.]
 [  63360.       0.]
 [  63680.       0.]
 [  64000.       0.]
 [  64320.       0.]
 [  64640.       0.]
 [  64960.       0.]
 [  65280.       0.]
 [  65600.       0.]
 [  65920.       0.]
 [  66240.       0.]
 [  66560.       0.]
 [  66880.       0.]
 [  67200.       0.]
 [  67520.       0.]
 [  67840.       0.]
 [  68160.       0.]
 [  68480.       0.]
 [  68800.       0.]
 [  69120.       0.]
 [  69440.       0.]
 [  69760.       0.]
 [  70080.       0.]
 [  70400.       0.]
 [  70720.       0.]
 [  71040.       0.]
 [  71360.       0.]
 [  71680.       0.]
 [  72000.       0.]
 [  72320.       0.]
 [  72640.       0.]
 [  72960.       0.]
 [  73280.       0.]
 [  73600.       0.]
 [  73920.       0.]
 [  74240.       0.]
 [  74560.       0.]
 [  74880.       0.]
 [  75200.       0.]
 [  75520.       0.]
 [  75840.       0.]
 [  76160.       0.]
 [  76480.       0.]
 [  76800.       0.]
 [  77120.       0.]
 [  77440.       0.]
 [  77760.       0.]
 [  78080.       0.]
 [  78400.       0.]
 [  78720.       0.]
 [  79040.       0.]
 [  79360.       0.]
 [  79680.       0.]
 [  80000.       0.]
 [  80320.       0.]
 [  80640.       0.]
 [  80960.       0.]
 [  81280.       0.]
 [  81600.       0.]
 [  81920.       0.]
 [  82240.       0.]
 [  82560.       0.]
 [  82880.       0.]
 [  83200.       0.]
 [  83520.       0.]
 [  83840.       0.]
 [  84160.       0.]
 [  84480.       0.]
 [  84800.       0.]
 [  85120.       0.]
 [  85440.       0.]
 [  85760.       0.]
 [  86080.       0.]
 [  86400.       0.]
 [  86720.       0.]
 [  87040.       0.]
 [  87360.       0.]
 [  87680.       0.]
 [  88000.       0.]
 [  88320.       0.]
 [  88640.       0.]
 [  88960.       0.]
 [  89280.       0.]
 [  89600.       0.]
 [  89920.       0.]
 [  90240.       0.]
 [  90560.       0.]
 [  90880.       0.]
 [  91200.       0.]
 [  91520.       0.]
 [  91840.       0.]
 [  92160.       0.]
 [  92480.       0.]
 [  92800.       0.]
 [  93120.       0.]
 [  93440.       0.]
 [  93760.       0.]
 [  94080.       0.]
 [  94400.       0.]
 [  94720.       0.]
 [  95040.       0.]
 [  95360.       0.]
 [  95680.       0.]
 [  96000.       0.]
 [  96320.       0.]
 [  96640.       0.]
 [  96960.       0.]
 [  97280.       0.]
 [  97600.       0.]
 [  97920.       0.]
 [  98240.       0.]
 [  98560.       0.]
 [  98880.       0.]
 [  99200.       0.]
 [  99520.       0.]
 [  99840.       0.]
 [ 100160.       0.]
 [ 100480.       0.]
 [ 100800.       0.]
 [ 101120.       0.]
 [ 101440.       0.]
 [ 101760.       0.]
 [ 102080.       0.]
 [ 102400.       0.]
 [ 102720.       0.]
 [ 103040.       0.]
 [ 103360.       0.]
 [ 103680.       0.]
 [ 104000.       0.]
 [ 104320.       0.]
 [ 104640.       0.]
 [ 104960.       0.]
 [ 105280.       0.]
 [ 105600.       0.]
 [ 105920.       0.]
 [ 106240.       0.]
 [ 106560.       0.]
 [ 106880.       0.]
 [ 107200.       0.]
 [ 107520.       0.]
 [ 107840.       0.]
 [ 108160.       0.]
 [ 108480.       0.]
 [ 108800.       0.]
 [ 109120.       0.]
 [ 109440.       0.]
 [ 109760.       0.]
 [ 110080.       0.]
 [ 110400.       0.]
 [ 110720.       0.]
 [ 111040.       0.]
 [ 111360.       0.]]