[[  0.00000000e+00   1.00000000e+00]
 [  1.10000000e+02   1.00000000e+00]
 [  2.20000000e+02   1.00000000e+00]
 [  3.30000000e+02   1.00000000e+00]
 [  4.40000000e+02   1.00000000e+00]
 [  5.50000000e+02   1.00000000e+00]
 [  6.60000000e+02   1.00000000e+00]
 [  7.70000000e+02   1.00000000e+00]
 [  8.80000000e+02   1.00000000e+00]
 [  9.90000000e+02   1.00000000e+00]
 [  1.10000000e+03   1.00000000e+00]
 [  1.21000000e+03   1.00000000e+00]
 [  1.32000000e+03   1.00000000e+00]
 [  1.43000000e+03   1.00000000e+00]
 [  1.54000000e+03   1.00000000e+00]
 [  1.65000000e+03   1.00000000e+00]
 [  1.76000000e+03   1.00000000e+00]
 [  1.87000000e+03   1.00000000e+00]
 [  1.98000000e+03   1.00000000e+00]
 [  2.09000000e+03   1.00000000e+00]
 [  2.20000000e+03   1.00000000e+00]
 [  2.31000000e+03   1.00000000e+00]
 [  2.42000000e+03   1.00000000e+00]
 [  2.53000000e+03   1.00000000e+00]
 [  2.64000000e+03   1.00000000e+00]
 [  2.75000000e+03   1.00000000e+00]
 [  2.86000000e+03   1.00000000e+00]
 [  2.97000000e+03   1.00000000e+00]
 [  3.08000000e+03   1.00000000e+00]
 [  3.19000000e+03   1.00000000e+00]
 [  3.30000000e+03   1.00000000e+00]
 [  3.41000000e+03   1.00000000e+00]
 [  3.52000000e+03   1.00000000e+00]
 [  3.63000000e+03   1.00000000e+00]
 [  3.74000000e+03   1.00000000e+00]
 [  3.85000000e+03   1.00000000e+00]
 [  3.96000000e+03   1.00000000e+00]
 [  4.07000000e+03   1.00000000e+00]
 [  4.18000000e+03   1.00000000e+00]
 [  4.29000000e+03   1.00000000e+00]
 [  4.40000000e+03   1.00000000e+00]
 [  4.51000000e+03   1.00000000e+00]
 [  4.62000000e+03   1.00000000e+00]
 [  4.73000000e+03   1.00000000e+00]
 [  4.84000000e+03   1.00000000e+00]
 [  4.95000000e+03   1.00000000e+00]
 [  5.06000000e+03   1.00000000e+00]
 [  5.17000000e+03   1.00000000e+00]
 [  5.28000000e+03   1.00000000e+00]
 [  5.39000000e+03   1.00000000e+00]
 [  5.50000000e+03   1.00000000e+00]
 [  5.61000000e+03   1.00000000e+00]
 [  5.72000000e+03   1.00000000e+00]
 [  5.83000000e+03   1.00000000e+00]
 [  5.94000000e+03   1.00000000e+00]
 [  6.05000000e+03   1.00000000e+00]
 [  6.16000000e+03   1.00000000e+00]
 [  6.27000000e+03   1.00000000e+00]
 [  6.38000000e+03   1.00000000e+00]
 [  6.49000000e+03   1.00000000e+00]
 [  6.60000000e+03   1.00000000e+00]
 [  6.71000000e+03   1.00000000e+00]
 [  6.82000000e+03   1.00000000e+00]
 [  6.93000000e+03   1.00000000e+00]
 [  7.04000000e+03   1.00000000e+00]
 [  7.15000000e+03   1.00000000e+00]
 [  7.26000000e+03   1.00000000e+00]
 [  7.37000000e+03   1.00000000e+00]
 [  7.48000000e+03   1.00000000e+00]
 [  7.59000000e+03   1.00000000e+00]
 [  7.70000000e+03   1.00000000e+00]
 [  7.81000000e+03   1.00000000e+00]
 [  7.92000000e+03   1.00000000e+00]
 [  8.03000000e+03   1.00000000e+00]
 [  8.14000000e+03   1.00000000e+00]
 [  8.25000000e+03   1.00000000e+00]
 [  8.36000000e+03   1.00000000e+00]
 [  8.47000000e+03   1.00000000e+00]
 [  8.58000000e+03   1.00000000e+00]
 [  8.69000000e+03   1.00000000e+00]
 [  8.80000000e+03   1.00000000e+00]
 [  8.91000000e+03   1.00000000e+00]
 [  9.02000000e+03   1.00000000e+00]
 [  9.13000000e+03   1.00000000e+00]
 [  9.24000000e+03   1.00000000e+00]
 [  9.35000000e+03   1.00000000e+00]
 [  9.46000000e+03   1.00000000e+00]
 [  9.57000000e+03   1.00000000e+00]
 [  9.68000000e+03   1.00000000e+00]
 [  9.79000000e+03   1.00000000e+00]
 [  9.90000000e+03   1.00000000e+00]
 [  1.00100000e+04   1.00000000e+00]
 [  1.01200000e+04   1.00000000e+00]
 [  1.02300000e+04   1.00000000e+00]
 [  1.03400000e+04   1.00000000e+00]
 [  1.04500000e+04   1.00000000e+00]
 [  1.05600000e+04   1.00000000e+00]
 [  1.06700000e+04   1.00000000e+00]
 [  1.07800000e+04   1.00000000e+00]
 [  1.08900000e+04   1.00000000e+00]
 [  1.10000000e+04   1.00000000e+00]
 [  1.11100000e+04   1.00000000e+00]
 [  1.12200000e+04   1.00000000e+00]
 [  1.13300000e+04   1.00000000e+00]
 [  1.14400000e+04   1.00000000e+00]
 [  1.15500000e+04   1.00000000e+00]
 [  1.16600000e+04   1.00000000e+00]
 [  1.17700000e+04   1.00000000e+00]
 [  1.18800000e+04   1.00000000e+00]
 [  1.19900000e+04   1.00000000e+00]
 [  1.21000000e+04   1.00000000e+00]
 [  1.22100000e+04   1.00000000e+00]
 [  1.23200000e+04   1.00000000e+00]
 [  1.24300000e+04   1.00000000e+00]
 [  1.25400000e+04   1.00000000e+00]
 [  1.26500000e+04   1.00000000e+00]
 [  1.27600000e+04   1.00000000e+00]
 [  1.28700000e+04   1.00000000e+00]
 [  1.29800000e+04   1.00000000e+00]
 [  1.30900000e+04   1.00000000e+00]
 [  1.32000000e+04   1.00000000e+00]
 [  1.33100000e+04   1.00000000e+00]
 [  1.34200000e+04   1.00000000e+00]
 [  1.35300000e+04   1.00000000e+00]
 [  1.36400000e+04   1.00000000e+00]
 [  1.37500000e+04   1.00000000e+00]
 [  1.38600000e+04   1.00000000e+00]
 [  1.39700000e+04   1.00000000e+00]
 [  1.40800000e+04   1.00000000e+00]
 [  1.41900000e+04   1.00000000e+00]
 [  1.43000000e+04   1.00000000e+00]
 [  1.44100000e+04   1.00000000e+00]
 [  1.45200000e+04   1.00000000e+00]
 [  1.46300000e+04   1.00000000e+00]
 [  1.47400000e+04   1.00000000e+00]
 [  1.48500000e+04   1.00000000e+00]
 [  1.49600000e+04   1.00000000e+00]
 [  1.50700000e+04   1.00000000e+00]
 [  1.51800000e+04   1.00000000e+00]
 [  1.52900000e+04   1.00000000e+00]
 [  1.54000000e+04   1.00000000e+00]
 [  1.55100000e+04   1.00000000e+00]
 [  1.56200000e+04   1.00000000e+00]
 [  1.57300000e+04   1.00000000e+00]
 [  1.58400000e+04   1.00000000e+00]
 [  1.59500000e+04   1.00000000e+00]
 [  1.60600000e+04   1.00000000e+00]
 [  1.61700000e+04   1.00000000e+00]
 [  1.62800000e+04   1.00000000e+00]
 [  1.63900000e+04   1.00000000e+00]
 [  1.65000000e+04   1.00000000e+00]
 [  1.66100000e+04   1.00000000e+00]
 [  1.67200000e+04   1.00000000e+00]
 [  1.68300000e+04   1.00000000e+00]
 [  1.69400000e+04   1.00000000e+00]
 [  1.70500000e+04   1.00000000e+00]
 [  1.71600000e+04   1.00000000e+00]
 [  1.72700000e+04   1.00000000e+00]
 [  1.73800000e+04   1.00000000e+00]
 [  1.74900000e+04   1.00000000e+00]
 [  1.76000000e+04   1.00000000e+00]
 [  1.77100000e+04   1.00000000e+00]
 [  1.78200000e+04   1.00000000e+00]
 [  1.79300000e+04   1.00000000e+00]
 [  1.80400000e+04   1.00000000e+00]
 [  1.81500000e+04   1.00000000e+00]
 [  1.82600000e+04   1.00000000e+00]
 [  1.83700000e+04   1.00000000e+00]
 [  1.84800000e+04   1.00000000e+00]
 [  1.85900000e+04   1.00000000e+00]
 [  1.87000000e+04   1.00000000e+00]
 [  1.88100000e+04   1.00000000e+00]
 [  1.89200000e+04   1.00000000e+00]
 [  1.90300000e+04   1.00000000e+00]
 [  1.91400000e+04   1.00000000e+00]
 [  1.92500000e+04   1.00000000e+00]
 [  1.93600000e+04   1.00000000e+00]
 [  1.94700000e+04   1.00000000e+00]
 [  1.95800000e+04   1.00000000e+00]
 [  1.96900000e+04   1.00000000e+00]
 [  1.98000000e+04   1.00000000e+00]
 [  1.99100000e+04   1.00000000e+00]
 [  2.00200000e+04   1.00000000e+00]
 [  2.01300000e+04   1.00000000e+00]
 [  2.02400000e+04   1.00000000e+00]
 [  2.03500000e+04   1.00000000e+00]
 [  2.04600000e+04   1.00000000e+00]
 [  2.05700000e+04   1.00000000e+00]
 [  2.06800000e+04   1.00000000e+00]
 [  2.07900000e+04   1.00000000e+00]
 [  2.09000000e+04   1.00000000e+00]
 [  2.10100000e+04   1.00000000e+00]
 [  2.11200000e+04   1.00000000e+00]
 [  2.12300000e+04   1.00000000e+00]
 [  2.13400000e+04   1.00000000e+00]
 [  2.14500000e+04   1.00000000e+00]
 [  2.15600000e+04   1.00000000e+00]
 [  2.16700000e+04   1.00000000e+00]
 [  2.17800000e+04   1.00000000e+00]
 [  2.18900000e+04   1.00000000e+00]
 [  2.20000000e+04   1.00000000e+00]
 [  2.21100000e+04   1.00000000e+00]
 [  2.22200000e+04   1.00000000e+00]
 [  2.23300000e+04   1.00000000e+00]
 [  2.24400000e+04   1.00000000e+00]
 [  2.25500000e+04   1.00000000e+00]
 [  2.26600000e+04   1.00000000e+00]
 [  2.27700000e+04   1.00000000e+00]
 [  2.28800000e+04   1.00000000e+00]
 [  2.29900000e+04   0.00000000e+00]
 [  2.31000000e+04   0.00000000e+00]
 [  2.32100000e+04   0.00000000e+00]
 [  2.33200000e+04   0.00000000e+00]
 [  2.34300000e+04   0.00000000e+00]
 [  2.35400000e+04   0.00000000e+00]
 [  2.36500000e+04   0.00000000e+00]]